0.1764052345967664
0.040015720836722335
0.09787379841057392
0.2240893199201458
0.18675579901499675
-0.0977277879876411
0.09500884175255894
-0.01513572082976979
-0.010321885179355785
0.04105985019383723
0.014404357116087799
0.1454273506962975
0.07610377251469935
0.012167501649282842
0.04438632327454257
0.033367432737426685
0.14940790731576062
-0.020515826376580087
0.03130677016509014
-0.08540957393017248
-0.25529898158340786
0.06536185954403606
0.08644361988595058
-0.0742165020406442
0.22697546239876076
-0.1454365674598765
0.004575851730144607
-0.01871838500258336
0.15327792143584576
0.1469358769900285
0.015494742569691635
0.037816251960217366
-0.08877857476301126
-0.19807964682239265
-0.03479121493261515
0.01563489691039826
0.12302906807277265
0.12023798487844241
-0.038732681740792384
-0.03023027505752729
-0.1048552965066956
-0.142001793717868
-0.17062701906243807
0.19507753952331292
-0.05096521817488416
-0.04380743016053396
-0.1252795360037885
0.07774903558564729
-0.16138978475083243
-0.021274028011465468
-0.08954665609968215
0.03869024982457384
-0.05108051368173444
-0.11806321826749328
-0.002818222557729181
0.04283318757481155
0.006651723214831101
0.03024719158416156
-0.06343220604448042
-0.03627411055445069
-0.06724603389029558
-0.03595529672993831
-0.08131459387975515
-0.17262820015505595
0.01774271837799574
-0.04017791477928344
-0.16301953053044546
0.046278737939054224
-0.09072898151197173
0.00519595245555103
0.0729113689408245
0.012902040697980703
0.11394608982939183
-0.12347300462442393
0.04024925257527412
-0.06845746479059692
-0.08704332583385085
-0.05782926064145473
-0.031070788651828357
0.0057433848588574485
-0.11632629140039434
0.09036065953357589
0.04697195114552811
-0.15303794977515908
0.14966477107241724
0.19077942264556458
0.11955004583439381
-0.01566636594372793
-0.10387011249622045
0.10981947941153619
-0.0344046054587276
0.13016156672213325
0.031326733656337036
0.11145490356554401
0.05357893994376228
0.09377821995698546
0.030560449882498005
0.21589412149424275
0.05940562726941762
0.09813582955156602
0.25948623315406727
-0.04817993013541749
-0.02268793510726999
0.2215117238549867
0.029970098876523257
0.36683803051429054
0.1586954725336384
0.1550976457988169
0.4538489887019207
0.44286875810097115
0.5159177990919558
0.4546395066711427
0.3126904011769449
0.6238293552581069
0.43856936661696144
0.5760141791879911
0.6181061596915238
0.5321535402398115
0.6295714287088835
0.6768691155717864
0.6346959149965281
0.49561670072095904
0.6404188872246677
0.7455134160362994
0.5439150050843871
0.5983503315358134
0.5706302002806913
0.8024004889563267
0.6922237162538374
0.6791413466257086
0.5822597641054292
0.7428273521983482
0.6608956895430259
0.781216844720223
0.7743544651559626
0.9749537600135902
1.0423782383962985
1.047221617611039
1.1941716023358293
1.1317289898943268
1.1747381742397205
1.4432883623731998
1.480559985489252
1.577756453478228
1.7860989074220206
1.6570870134946931
1.4666440042003888
1.645504712136363
1.3599039361512635
1.3870805906331354
1.3553380260347028
1.4534271720964973
1.1228567020282256
1.0297502372361604
1.0218908191455518
0.8931481429264327
1.0119146296491623
0.745818684902585
0.7103145112309334
0.7700652425879465
0.7701290432705177
1.0349603546057082
0.9727077615435704
0.9327964181631418
0.854455384520537
1.1168095925393622
0.985717976085631
0.9783215655065786
1.2884603460903667
1.2247734877136214
1.2927734542630276
1.2229743439783198
1.249677445727677
1.0549664430992844
0.9575319195540328
1.0572058689197847
0.8269331202694968
0.7499219893454571
0.6816007608302255
0.6369917155672031
0.5105418922549049
0.3240695892323304
0.3195161922102592
0.091727110200363
0.31528876713045517
0.039907622978510277
0.04540764282174782
0.12460848606026946
0.016017063649372096
0.22099924573321256
-0.08064865301192745
0.061593462885380465
0.020689681154930622
-0.09972175051703897
0.0639948878836655
-0.00931832952335337
0.08235646312297536
0.0857153050619681
0.21847482340881608
0.13500567564865967
-0.03608125269556171
-0.023428613698746943
0.11027083457251946
0.06570589754478892
0.06411714049369692
-0.16163635297441845
-0.0023994021604338864
-0.07378478029277748
0.028002390862298745
-0.009809740667803183
0.09102067140962192
0.031723257002269016
0.07863352518956448
-0.046641545516524927
-0.09444444664669893
-0.04100488282182875
-0.001702000256614812
0.03791519279335554
0.22593090392057583
-0.004225711159855726
-0.09559449826563486
-0.03459817678877965
-0.04635959712807601
0.04814814751996415
-0.154079701385009
0.006326199444413393
0.015650653806372126
0.02321810362392996
-0.059731606895013056
-0.023792172973015842
-0.14240609089803224
-0.049331988336137333
-0.05428614760164178
0.04160500462615334
-0.11561824318218746
0.07811981017100067
0.14944845444913732
-0.2069985025013531
0.04262587307781015
0.06769080350302457
-0.06374370255522291
-0.03972718143287977
-0.013288057758695564
-0.029779087940172835
-0.030901296904712224
-0.16760038063299768
0.115233156478312
0.10796185920368212
-0.08133642592042029
-0.1466424327802514
0.05210648764527586
-0.057578796981306614
0.014195316332077969
-0.03193284171450952
0.06915387510701866
0.06947491436560059
-0.07255973784635843
-0.13833639553950555
-0.1582938397335082
0.06103793791072052
-0.1188859257784029
-0.050681635429868754
-0.059631403845050814
-0.005256729626954629
-0.1936279805846507
0.018877859679382856
0.052389102383420566
0.00884220870446614
-0.031088617169847173
0.009740016626878342
0.039904634564013025
-0.277259275642665
0.19559123082506943
0.03900933226879265
-0.065240858238702
-0.03909533751876011
0.049374177734918846
-0.011610393903436654
-0.20306844677814945
0.20644928613593194
-0.011054065723247262
0.10201727117157998
-0.06920498477843912
0.15363770542457977
0.02863436888922796
0.06088438344754508
-0.10452533661469549
0.12111452896827009
0.06898181645347884
0.13018462295649985
-0.0628087559641579
-0.048102711846078776
0.2303916697683942
-0.10600158227215473
-0.013594970067832083
0.11368913626026954
0.009772496771485562
0.05829536797532936
-0.03994490292628752
0.037005588784751874
-0.13065268517353165
